t # 0
v 0 0
v 1 0
v 2 1
v 3 0
v 4 0
v 5 2
v 6 3
v 7 4
v 8 5
v 9 6
v 10 0
v 11 0
v 12 0
v 13 0
v 14 0
v 15 2
v 16 7
v 17 8
v 18 7
v 19 8
v 20 5
v 21 6
v 22 0
v 23 0
v 24 8
v 25 9
v 26 0
v 27 0
v 28 2
v 29 0
v 30 2
v 31 3
v 32 7
v 33 8
v 34 10
v 35 0
v 36 0
v 37 8
v 38 10
v 39 11
v 40 12
v 41 0
v 42 0
v 43 0
v 44 2
v 45 7
v 46 8
v 47 5
v 48 6
v 49 0
v 50 0
v 51 0
v 52 2
v 53 7
v 54 8
v 55 5
v 56 6
v 57 0
v 58 0
v 59 0
v 60 0
v 61 2
v 62 3
v 63 7
v 64 8
v 65 10
v 66 0
v 67 0
v 68 0
v 69 2
v 70 3
v 71 7
v 72 8
v 73 10
v 74 11
v 75 0
v 76 0
v 77 0
v 78 2
v 79 3
v 80 7
v 81 8
v 82 10
v 83 0
v 84 0
v 85 0
v 86 2
v 87 3
v 88 7
v 89 8
v 90 10
v 91 11
v 92 12
v 93 11
v 94 13
v 95 14
v 96 15
e 1 4 4
e 1 29 4
e 1 60 4
e 1 68 4
e 1 77 4
e 1 85 4
e 2 1 1
e 3 22 4
e 3 35 4
e 6 4 1
e 6 5 1
e 8 3 1
e 8 7 1
e 9 8 1
e 10 57 4
e 11 10 3
e 12 10 3
e 16 15 1
e 17 13 1
e 17 14 1
e 17 16 1
e 18 17 1
e 19 11 1
e 19 12 1
e 19 18 1
e 20 10 1
e 20 19 1
e 21 20 1
e 24 22 1
e 24 23 1
e 25 24 1
e 25 39 2
e 25 34 2
e 25 33 2
e 25 26 2
e 25 27 2
e 25 28 2
e 25 29 2
e 25 30 2
e 25 38 2
e 25 37 2
e 25 35 2
e 25 36 2
e 31 30 1
e 32 31 1
e 33 26 1
e 33 27 1
e 33 32 1
e 34 33 1
e 37 35 1
e 37 36 1
e 38 37 1
e 38 95 0
e 39 34 1
e 39 38 1
e 40 25 1
e 40 39 1
e 41 67 4
e 41 84 4
e 42 41 3
e 43 41 3
e 45 44 1
e 46 42 1
e 46 43 1
e 46 45 1
e 47 41 1
e 47 46 1
e 48 47 1
e 49 59 4
e 49 76 4
e 50 49 3
e 51 49 3
e 53 52 1
e 54 50 1
e 54 51 1
e 54 53 1
e 55 49 1
e 55 54 1
e 56 55 1
e 57 74 2
e 57 65 2
e 57 64 2
e 57 58 2
e 57 59 2
e 57 62 2
e 57 60 2
e 57 61 2
e 57 73 2
e 57 72 2
e 57 66 2
e 57 67 2
e 57 70 2
e 57 68 2
e 57 69 2
e 57 91 2
e 57 82 2
e 57 81 2
e 57 75 2
e 57 76 2
e 57 79 2
e 57 77 2
e 57 78 2
e 57 90 2
e 57 89 2
e 57 83 2
e 57 84 2
e 57 87 2
e 57 85 2
e 57 86 2
e 62 60 1
e 62 61 1
e 63 59 1
e 63 62 1
e 64 58 1
e 64 63 1
e 65 64 1
e 70 68 1
e 70 69 1
e 71 67 1
e 71 70 1
e 72 66 1
e 72 71 1
e 73 72 1
e 74 65 1
e 74 73 1
e 79 77 1
e 79 78 1
e 80 76 1
e 80 79 1
e 81 75 1
e 81 80 1
e 82 81 1
e 87 85 1
e 87 86 1
e 88 84 1
e 88 87 1
e 89 83 1
e 89 88 1
e 90 89 1
e 91 82 1
e 91 90 1
e 92 57 1
e 92 74 1
e 92 91 1
e 93 9 1
e 93 21 1
e 93 40 1
e 93 48 1
e 93 56 1
e 93 92 1
e 94 0 1
e 94 2 1
e 94 93 1
e 95 96 0

t # 1
v 97 0
v 98 0
v 99 1
v 100 0
v 101 0
v 102 4
v 103 5
v 104 6
v 105 0
v 106 0
v 107 0
v 108 8
v 109 0
v 110 0
v 111 16
v 112 0
v 113 3
v 114 4
v 115 5
v 116 6
v 117 0
v 118 0
v 119 0
v 120 8
v 121 0
v 122 0
v 123 16
v 124 0
v 125 3
v 126 4
v 127 0
v 128 8
v 129 5
v 130 6
v 131 0
v 132 0
v 133 2
v 134 0
v 135 3
v 136 7
v 137 8
v 138 10
v 139 0
v 140 0
v 141 8
v 142 9
v 143 0
v 144 0
v 145 8
v 146 10
v 147 11
v 148 12
v 149 0
v 150 0
v 151 0
v 152 0
v 153 8
v 154 0
v 155 0
v 156 0
v 157 16
v 158 7
v 159 8
v 160 10
v 161 0
v 162 4
v 163 5
v 164 6
v 165 0
v 166 0
v 167 0
v 168 0
v 169 0
v 170 8
v 171 4
v 172 17
v 173 7
v 174 8
v 175 5
v 176 6
v 177 0
v 178 18
v 179 11
v 180 13
v 181 14
v 182 15
e 98 101 4
e 99 98 1
e 100 151 4
e 103 100 1
e 103 102 1
e 104 103 1
e 105 118 4
e 105 139 4
e 105 143 4
e 108 106 1
e 108 107 1
e 111 109 1
e 111 110 1
e 113 112 1
e 115 105 1
e 115 114 1
e 116 115 1
e 117 134 4
e 117 154 4
e 117 168 4
e 120 118 1
e 120 119 1
e 123 121 1
e 123 122 1
e 125 124 1
e 127 117 3
e 128 126 1
e 128 127 1
e 129 117 1
e 129 128 1
e 130 129 1
e 135 133 1
e 135 134 1
e 136 135 1
e 137 131 1
e 137 132 1
e 137 136 1
e 138 137 1
e 141 139 1
e 141 140 1
e 142 141 1
e 142 147 2
e 142 146 2
e 142 145 2
e 142 143 2
e 142 144 2
e 145 143 1
e 145 144 1
e 146 145 1
e 146 181 0
e 147 146 1
e 148 142 1
e 148 147 1
e 153 151 1
e 153 152 1
e 157 155 1
e 157 156 1
e 158 153 1
e 158 154 1
e 158 157 1
e 159 149 1
e 159 150 1
e 159 158 1
e 160 159 1
e 161 166 4
e 163 161 1
e 163 162 1
e 164 163 1
e 165 177 4
e 166 165 3
e 167 165 3
e 170 168 1
e 170 169 1
e 173 171 1
e 173 172 1
e 174 166 1
e 174 167 1
e 174 173 1
e 175 165 1
e 175 174 1
e 176 175 1
e 178 177 1
e 179 104 1
e 179 116 1
e 179 130 1
e 179 138 1
e 179 148 1
e 179 160 1
e 179 164 1
e 179 176 1
e 179 178 1
e 180 97 1
e 180 99 1
e 180 179 1
e 181 182 0

t # 2
v 183 0
v 184 0
v 185 1
v 186 0
v 187 1
v 188 0
v 189 0
v 190 0
v 191 8
v 192 0
v 193 0
v 194 16
v 195 0
v 196 3
v 197 4
v 198 5
v 199 6
v 200 0
v 201 0
v 202 8
v 203 9
v 204 0
v 205 0
v 206 8
v 207 10
v 208 11
v 209 12
v 210 0
v 211 0
v 212 0
v 213 8
v 214 5
v 215 6
v 216 0
v 217 0
v 218 2
v 219 0
v 220 0
v 221 8
v 222 3
v 223 7
v 224 8
v 225 10
v 226 0
v 227 1
v 228 0
v 229 0
v 230 0
v 231 0
v 232 8
v 233 5
v 234 6
v 235 0
v 236 0
v 237 0
v 238 0
v 239 16
v 240 0
v 241 0
v 242 8
v 243 3
v 244 4
v 245 5
v 246 6
v 247 0
v 248 0
v 249 0
v 250 0
v 251 0
v 252 0
v 253 16
v 254 2
v 255 0
v 256 0
v 257 16
v 258 0
v 259 3
v 260 7
v 261 8
v 262 0
v 263 7
v 264 8
v 265 10
v 266 0
v 267 0
v 268 0
v 269 0
v 270 0
v 271 0
v 272 0
v 273 0
v 274 16
v 275 0
v 276 0
v 277 0
v 278 0
v 279 2
v 280 7
v 281 8
v 282 19
v 283 3
v 284 0
v 285 0
v 286 2
v 287 7
v 288 8
v 289 7
v 290 8
v 291 3
v 292 7
v 293 8
v 294 0
v 295 0
v 296 8
v 297 0
v 298 0
v 299 16
v 300 7
v 301 8
v 302 5
v 303 6
v 304 11
v 305 20
v 306 11
v 307 13
v 308 14
v 309 15
e 184 189 4
e 184 250 4
e 185 184 1
e 186 211 4
e 186 219 4
e 187 186 1
e 188 200 4
e 188 204 4
e 188 236 4
e 188 262 4
e 188 271 4
e 191 189 1
e 191 190 1
e 194 192 1
e 194 193 1
e 196 195 1
e 198 188 1
e 198 197 1
e 199 198 1
e 202 200 1
e 202 201 1
e 203 202 1
e 203 208 2
e 203 207 2
e 203 206 2
e 203 204 2
e 203 205 2
e 206 204 1
e 206 205 1
e 207 206 1
e 207 308 0
e 208 207 1
e 209 203 1
e 209 208 1
e 210 228 4
e 211 210 3
e 212 210 3
e 213 211 1
e 213 212 1
e 214 210 1
e 214 213 1
e 215 214 1
e 221 219 1
e 221 220 1
e 222 218 1
e 222 221 1
e 223 222 1
e 224 216 1
e 224 217 1
e 224 223 1
e 225 224 1
e 226 230 4
e 226 240 4
e 227 226 1
e 228 304 2
e 228 234 2
e 228 233 2
e 228 229 2
e 228 232 2
e 228 230 2
e 228 231 2
e 228 246 2
e 228 245 2
e 228 235 2
e 228 244 2
e 228 236 2
e 228 239 2
e 228 237 2
e 228 238 2
e 228 242 2
e 228 240 2
e 228 241 2
e 228 265 2
e 228 264 2
e 228 247 2
e 228 261 2
e 228 248 2
e 228 249 2
e 228 250 2
e 228 253 2
e 228 251 2
e 228 252 2
e 228 254 2
e 228 257 2
e 228 255 2
e 228 256 2
e 228 258 2
e 228 262 2
e 228 303 2
e 228 302 2
e 228 266 2
e 228 301 2
e 228 267 2
e 228 268 2
e 228 293 2
e 228 269 2
e 228 270 2
e 228 271 2
e 228 274 2
e 228 272 2
e 228 273 2
e 228 290 2
e 228 275 2
e 228 276 2
e 228 283 2
e 228 281 2
e 228 277 2
e 228 278 2
e 228 279 2
e 228 282 2
e 228 288 2
e 228 284 2
e 228 285 2
e 228 286 2
e 228 296 2
e 228 294 2
e 228 295 2
e 228 299 2
e 228 297 2
e 228 298 2
e 229 258 4
e 229 275 4
e 229 277 4
e 229 284 4
e 230 229 3
e 231 229 3
e 232 230 1
e 232 231 1
e 233 229 1
e 233 232 1
e 234 233 1
e 235 294 4
e 239 237 1
e 239 238 1
e 242 240 1
e 242 241 1
e 243 242 1
e 245 235 1
e 245 244 1
e 246 245 1
e 253 251 1
e 253 252 1
e 257 255 1
e 257 256 1
e 259 258 1
e 260 259 1
e 261 248 1
e 261 249 1
e 261 260 1
e 263 261 1
e 263 262 1
e 264 247 1
e 264 263 1
e 265 264 1
e 267 266 3
e 268 266 3
e 274 272 1
e 274 273 1
e 280 279 1
e 281 277 1
e 281 278 1
e 281 280 1
e 283 281 1
e 283 282 1
e 287 286 1
e 288 284 1
e 288 285 1
e 288 287 1
e 289 283 1
e 289 288 1
e 290 275 1
e 290 276 1
e 290 289 1
e 291 290 1
e 292 291 1
e 293 269 1
e 293 270 1
e 293 292 1
e 296 294 1
e 296 295 1
e 299 297 1
e 299 298 1
e 300 293 1
e 300 296 1
e 300 299 1
e 301 267 1
e 301 268 1
e 301 300 1
e 302 266 1
e 302 301 1
e 303 302 1
e 304 234 1
e 304 246 1
e 304 265 1
e 304 303 1
e 305 227 1
e 305 228 1
e 305 304 1
e 306 199 1
e 306 209 1
e 306 215 1
e 306 225 1
e 306 305 1
e 307 183 1
e 307 185 1
e 307 187 1
e 307 306 1
e 308 309 0

t # 3
v 310 0
v 311 0
v 312 1
v 313 0
v 314 1
v 315 0
v 316 0
v 317 0
v 318 8
v 319 0
v 320 0
v 321 16
v 322 0
v 323 3
v 324 4
v 325 5
v 326 6
v 327 0
v 328 0
v 329 0
v 330 8
v 331 0
v 332 0
v 333 16
v 334 0
v 335 3
v 336 4
v 337 0
v 338 8
v 339 5
v 340 6
v 341 0
v 342 0
v 343 0
v 344 19
v 345 0
v 346 0
v 347 21
v 348 7
v 349 8
v 350 7
v 351 8
v 352 0
v 353 0
v 354 16
v 355 0
v 356 3
v 357 5
v 358 6
v 359 0
v 360 0
v 361 4
v 362 5
v 363 6
v 364 0
v 365 0
v 366 8
v 367 9
v 368 0
v 369 0
v 370 8
v 371 10
v 372 11
v 373 12
v 374 0
v 375 0
v 376 0
v 377 0
v 378 8
v 379 0
v 380 0
v 381 0
v 382 16
v 383 7
v 384 8
v 385 10
v 386 0
v 387 18
v 388 11
v 389 13
v 390 14
v 391 15
e 311 342 4
e 311 345 4
e 312 311 1
e 313 334 4
e 313 355 4
e 314 313 1
e 315 328 4
e 315 364 4
e 315 368 4
e 318 316 1
e 318 317 1
e 321 319 1
e 321 320 1
e 323 322 1
e 325 315 1
e 325 324 1
e 326 325 1
e 327 379 4
e 327 386 4
e 330 328 1
e 330 329 1
e 333 331 1
e 333 332 1
e 335 334 1
e 337 327 3
e 338 336 1
e 338 337 1
e 339 327 1
e 339 338 1
e 340 339 1
e 341 360 4
e 348 347 1
e 349 345 1
e 349 346 1
e 349 348 1
e 350 344 1
e 350 349 1
e 351 342 1
e 351 343 1
e 351 350 1
e 354 352 1
e 354 353 1
e 355 341 3
e 356 355 1
e 357 341 1
e 357 356 1
e 358 357 1
e 359 376 4
e 362 359 1
e 362 361 1
e 363 362 1
e 366 364 1
e 366 365 1
e 367 366 1
e 367 372 2
e 367 371 2
e 367 370 2
e 367 368 2
e 367 369 2
e 370 368 1
e 370 369 1
e 371 370 1
e 371 390 0
e 372 371 1
e 373 367 1
e 373 372 1
e 378 376 1
e 378 377 1
e 382 380 1
e 382 381 1
e 383 378 1
e 383 379 1
e 383 382 1
e 384 374 1
e 384 375 1
e 384 383 1
e 385 384 1
e 387 386 1
e 388 326 1
e 388 340 1
e 388 358 1
e 388 363 1
e 388 373 1
e 388 385 1
e 388 387 1
e 389 310 1
e 389 312 1
e 389 314 1
e 389 388 1
e 390 391 0

t # 4
v 392 0
v 393 0
v 394 1
v 395 0
v 396 0
v 397 0
v 398 0
v 399 0
v 400 8
v 401 0
v 402 0
v 403 8
v 404 7
v 405 8
v 406 5
v 407 6
v 408 0
v 409 0
v 410 8
v 411 19
v 412 3
v 413 0
v 414 0
v 415 0
v 416 0
v 417 16
v 418 0
v 419 0
v 420 8
v 421 3
v 422 4
v 423 5
v 424 6
v 425 0
v 426 0
v 427 8
v 428 9
v 429 0
v 430 0
v 431 8
v 432 10
v 433 11
v 434 12
v 435 22
v 436 18
v 437 11
v 438 0
v 439 2
v 440 0
v 441 0
v 442 8
v 443 2
v 444 0
v 445 0
v 446 8
v 447 2
v 448 3
v 449 5
v 450 6
v 451 0
v 452 4
v 453 23
v 454 11
v 455 12
v 456 11
v 457 13
v 458 14
v 459 15
e 393 398 4
e 393 401 4
e 393 418 4
e 393 440 4
e 393 444 4
e 394 393 1
e 395 408 4
e 396 395 3
e 397 395 3
e 400 398 1
e 400 399 1
e 403 401 1
e 403 402 1
e 404 400 1
e 404 403 1
e 405 396 1
e 405 397 1
e 405 404 1
e 406 395 1
e 406 405 1
e 407 406 1
e 410 408 1
e 410 409 1
e 412 410 1
e 412 411 1
e 412 437 2
e 412 424 2
e 412 423 2
e 412 413 2
e 412 422 2
e 412 414 2
e 412 417 2
e 412 415 2
e 412 416 2
e 412 420 2
e 412 418 2
e 412 419 2
e 412 434 2
e 412 428 2
e 412 427 2
e 412 425 2
e 412 426 2
e 412 436 2
e 412 435 2
e 412 454 2
e 412 450 2
e 412 449 2
e 412 438 2
e 412 439 2
e 412 442 2
e 412 440 2
e 412 441 2
e 412 443 2
e 412 446 2
e 412 444 2
e 412 445 2
e 412 447 2
e 412 453 2
e 412 452 2
e 412 451 2
e 413 425 4
e 413 429 4
e 417 415 1
e 417 416 1
e 420 418 1
e 420 419 1
e 421 420 1
e 423 413 1
e 423 422 1
e 424 423 1
e 427 425 1
e 427 426 1
e 428 427 1
e 428 433 2
e 428 432 2
e 428 431 2
e 428 429 2
e 428 430 2
e 431 429 1
e 431 430 1
e 432 431 1
e 432 458 0
e 433 432 1
e 434 428 1
e 434 433 1
e 436 435 1
e 437 424 1
e 437 434 1
e 437 436 1
e 438 451 4
e 442 440 1
e 442 441 1
e 446 444 1
e 446 445 1
e 448 447 1
e 449 438 1
e 449 448 1
e 450 449 1
e 453 452 1
e 454 450 1
e 454 453 1
e 455 412 1
e 455 437 1
e 455 454 1
e 456 407 1
e 456 455 1
e 457 392 1
e 457 394 1
e 457 456 1
e 458 459 0

t # 5
v 460 0
v 461 0
v 462 1
v 463 0
v 464 4
v 465 5
v 466 6
v 467 0
v 468 0
v 469 8
v 470 5
v 471 6
v 472 0
v 473 24
v 474 5
v 475 6
v 476 0
v 477 0
v 478 0
v 479 0
v 480 0
v 481 7
v 482 8
v 483 25
v 484 10
v 485 11
v 486 0
v 487 1
v 488 0
v 489 0
v 490 16
v 491 0
v 492 2
v 493 0
v 494 3
v 495 7
v 496 8
v 497 10
v 498 0
v 499 0
v 500 7
v 501 8
v 502 10
v 503 0
v 504 0
v 505 19
v 506 7
v 507 8
v 508 10
v 509 11
v 510 26
v 511 27
v 512 0
v 513 24
v 514 5
v 515 6
v 516 0
v 517 24
v 518 5
v 519 6
v 520 0
v 521 0
v 522 0
v 523 7
v 524 8
v 525 0
v 526 0
v 527 0
v 528 0
v 529 7
v 530 8
v 531 25
v 532 10
v 533 11
v 534 12
v 535 0
v 536 24
v 537 3
v 538 0
v 539 0
v 540 8
v 541 25
v 542 10
v 543 11
v 544 12
v 545 0
v 546 24
v 547 3
v 548 0
v 549 0
v 550 2
v 551 7
v 552 8
v 553 10
v 554 0
v 555 0
v 556 19
v 557 7
v 558 8
v 559 10
v 560 11
v 561 12
v 562 0
v 563 0
v 564 25
v 565 10
v 566 0
v 567 0
v 568 2
v 569 7
v 570 8
v 571 9
v 572 0
v 573 0
v 574 2
v 575 3
v 576 25
v 577 10
v 578 11
v 579 12
v 580 0
v 581 4
v 582 0
v 583 8
v 584 9
v 585 0
v 586 0
v 587 2
v 588 0
v 589 3
v 590 7
v 591 8
v 592 10
v 593 0
v 594 0
v 595 19
v 596 7
v 597 8
v 598 10
v 599 11
v 600 12
v 601 0
v 602 0
v 603 0
v 604 0
v 605 7
v 606 8
v 607 5
v 608 6
v 609 0
v 610 0
v 611 0
v 612 7
v 613 8
v 614 5
v 615 6
v 616 0
v 617 24
v 618 3
v 619 0
v 620 19
v 621 28
v 622 24
v 623 3
v 624 3
v 625 0
v 626 19
v 627 28
v 628 24
v 629 3
v 630 3
v 631 0
v 632 0
v 633 2
v 634 0
v 635 3
v 636 7
v 637 8
v 638 10
v 639 0
v 640 0
v 641 19
v 642 7
v 643 8
v 644 10
v 645 11
v 646 12
v 647 0
v 648 0
v 649 0
v 650 2
v 651 0
v 652 0
v 653 2
v 654 7
v 655 8
v 656 7
v 657 8
v 658 4
v 659 5
v 660 6
v 661 0
v 662 0
v 663 8
v 664 9
v 665 0
v 666 0
v 667 2
v 668 0
v 669 0
v 670 8
v 671 3
v 672 7
v 673 8
v 674 10
v 675 0
v 676 0
v 677 8
v 678 10
v 679 11
v 680 12
v 681 0
v 682 0
v 683 0
v 684 7
v 685 8
v 686 0
v 687 0
v 688 0
v 689 0
v 690 7
v 691 8
v 692 5
v 693 6
v 694 0
v 695 0
v 696 0
v 697 19
v 698 28
v 699 7
v 700 8
v 701 5
v 702 6
v 703 0
v 704 19
v 705 9
v 706 3
v 707 0
v 708 0
v 709 2
v 710 0
v 711 19
v 712 28
v 713 2
v 714 3
v 715 7
v 716 8
v 717 10
v 718 0
v 719 0
v 720 19
v 721 7
v 722 8
v 723 10
v 724 11
v 725 12
v 726 0
v 727 0
v 728 0
v 729 19
v 730 28
v 731 7
v 732 8
v 733 5
v 734 6
v 735 0
v 736 19
v 737 9
v 738 3
v 739 0
v 740 0
v 741 2
v 742 0
v 743 19
v 744 28
v 745 2
v 746 3
v 747 7
v 748 8
v 749 10
v 750 0
v 751 0
v 752 19
v 753 7
v 754 8
v 755 10
v 756 11
v 757 12
v 758 0
v 759 0
v 760 3
v 761 0
v 762 0
v 763 2
v 764 0
v 765 2
v 766 0
v 767 3
v 768 7
v 769 8
v 770 10
v 771 0
v 772 0
v 773 19
v 774 7
v 775 8
v 776 10
v 777 11
v 778 12
v 779 0
v 780 0
v 781 0
v 782 19
v 783 28
v 784 0
v 785 0
v 786 7
v 787 8
v 788 5
v 789 6
v 790 0
v 791 0
v 792 0
v 793 0
v 794 0
v 795 7
v 796 8
v 797 10
v 798 11
v 799 0
v 800 0
v 801 0
v 802 7
v 803 8
v 804 0
v 805 0
v 806 0
v 807 0
v 808 7
v 809 8
v 810 5
v 811 6
v 812 0
v 813 0
v 814 0
v 815 7
v 816 8
v 817 5
v 818 6
v 819 0
v 820 19
v 821 9
v 822 3
v 823 0
v 824 0
v 825 2
v 826 0
v 827 2
v 828 3
v 829 7
v 830 8
v 831 10
v 832 0
v 833 0
v 834 19
v 835 7
v 836 8
v 837 10
v 838 11
v 839 12
v 840 0
v 841 0
v 842 0
v 843 19
v 844 28
v 845 0
v 846 7
v 847 8
v 848 5
v 849 6
v 850 0
v 851 0
v 852 19
v 853 28
v 854 0
v 855 7
v 856 8
v 857 10
v 858 0
v 859 0
v 860 19
v 861 28
v 862 0
v 863 8
v 864 5
v 865 6
v 866 0
v 867 0
v 868 0
v 869 19
v 870 28
v 871 0
v 872 0
v 873 7
v 874 8
v 875 5
v 876 6
v 877 0
v 878 0
v 879 0
v 880 0
v 881 0
v 882 7
v 883 8
v 884 10
v 885 11
v 886 12
v 887 12
v 888 11
v 889 13
v 890 14
v 891 15
e 461 480 4
e 462 461 1
e 463 477 4
e 465 463 1
e 465 464 1
e 466 465 1
e 467 479 4
e 467 499 4
e 468 467 3
e 469 468 1
e 470 467 1
e 470 469 1
e 471 470 1
e 472 476 4
e 473 472 3
e 474 472 1
e 474 473 1
e 475 474 1
e 476 520 4
e 476 526 4
e 476 602 4
e 476 681 4
e 476 687 4
e 476 799 4
e 476 805 4
e 477 476 3
e 478 476 3
e 481 479 1
e 481 480 1
e 482 477 1
e 482 478 1
e 482 481 1
e 483 476 1
e 483 482 1
e 484 483 1
e 485 484 1
e 486 493 4
e 487 486 1
e 487 509 2
e 487 497 2
e 487 496 2
e 487 490 2
e 487 488 2
e 487 489 2
e 487 491 2
e 487 494 2
e 487 492 2
e 487 493 2
e 487 502 2
e 487 501 2
e 487 498 2
e 487 499 2
e 487 508 2
e 487 507 2
e 487 503 2
e 487 504 2
e 487 505 2
e 490 488 1
e 490 489 1
e 494 492 1
e 494 493 1
e 495 494 1
e 496 490 1
e 496 491 1
e 496 495 1
e 497 496 1
e 500 499 1
e 501 498 1
e 501 500 1
e 502 501 1
e 506 505 1
e 507 503 1
e 507 504 1
e 507 506 1
e 508 507 1
e 509 497 1
e 509 502 1
e 509 508 1
e 510 487 1
e 510 509 1
e 511 485 1
e 511 510 1
e 512 525 4
e 513 512 3
e 514 512 1
e 514 513 1
e 515 514 1
e 516 562 4
e 517 516 3
e 518 516 1
e 518 517 1
e 519 518 1
e 523 522 1
e 524 520 1
e 524 521 1
e 524 523 1
e 524 533 2
e 524 532 2
e 524 531 2
e 524 525 2
e 524 530 2
e 524 526 2
e 524 527 2
e 524 528 2
e 525 535 4
e 525 538 4
e 526 525 3
e 527 525 3
e 529 528 1
e 530 526 1
e 530 527 1
e 530 529 1
e 531 525 1
e 531 530 1
e 532 531 1
e 533 532 1
e 534 524 1
e 534 533 1
e 537 535 1
e 537 536 1
e 537 543 2
e 537 542 2
e 537 541 2
e 537 538 2
e 537 540 2
e 537 539 2
e 538 545 4
e 538 563 4
e 538 634 4
e 539 538 3
e 540 539 1
e 541 538 1
e 541 540 1
e 542 541 1
e 543 542 1
e 544 537 1
e 544 543 1
e 547 545 1
e 547 546 1
e 547 560 2
e 547 553 2
e 547 552 2
e 547 548 2
e 547 549 2
e 547 550 2
e 547 559 2
e 547 558 2
e 547 554 2
e 547 555 2
e 547 556 2
e 551 550 1
e 552 548 1
e 552 549 1
e 552 551 1
e 553 552 1
e 557 556 1
e 558 554 1
e 558 555 1
e 558 557 1
e 559 558 1
e 560 553 1
e 560 559 1
e 561 547 1
e 561 560 1
e 562 566 4
e 562 572 4
e 562 573 4
e 563 562 3
e 564 562 1
e 564 563 1
e 565 564 1
e 569 568 1
e 570 566 1
e 570 567 1
e 570 569 1
e 571 570 1
e 571 578 2
e 571 577 2
e 571 576 2
e 571 572 2
e 571 575 2
e 571 573 2
e 571 574 2
e 572 580 4
e 572 588 4
e 572 611 4
e 573 572 3
e 575 573 1
e 575 574 1
e 576 572 1
e 576 575 1
e 577 576 1
e 578 577 1
e 579 571 1
e 579 578 1
e 583 581 1
e 583 582 1
e 584 583 1
e 584 599 2
e 584 592 2
e 584 591 2
e 584 585 2
e 584 586 2
e 584 589 2
e 584 587 2
e 584 588 2
e 584 598 2
e 584 597 2
e 584 593 2
e 584 594 2
e 584 595 2
e 589 587 1
e 589 588 1
e 590 589 1
e 591 585 1
e 591 586 1
e 591 590 1
e 592 591 1
e 596 595 1
e 597 593 1
e 597 594 1
e 597 596 1
e 598 597 1
e 599 592 1
e 599 598 1
e 600 584 1
e 600 599 1
e 601 794 4
e 601 854 4
e 601 881 4
e 602 601 3
e 603 601 3
e 605 604 1
e 606 602 1
e 606 603 1
e 606 605 1
e 607 601 1
e 607 606 1
e 608 607 1
e 609 616 4
e 609 619 4
e 609 625 4
e 609 781 4
e 609 842 4
e 609 868 4
e 610 609 3
e 612 611 1
e 613 610 1
e 613 612 1
e 614 609 1
e 614 613 1
e 615 614 1
e 618 616 1
e 618 617 1
e 621 619 1
e 621 620 1
e 623 621 1
e 623 622 1
e 624 618 1
e 624 623 1
e 627 625 1
e 627 626 1
e 629 627 1
e 629 628 1
e 630 624 1
e 630 629 1
e 630 645 2
e 630 638 2
e 630 637 2
e 630 631 2
e 630 632 2
e 630 635 2
e 630 633 2
e 630 634 2
e 630 644 2
e 630 643 2
e 630 639 2
e 630 640 2
e 630 641 2
e 635 633 1
e 635 634 1
e 636 635 1
e 637 631 1
e 637 632 1
e 637 636 1
e 638 637 1
e 642 641 1
e 643 639 1
e 643 640 1
e 643 642 1
e 644 643 1
e 645 638 1
e 645 644 1
e 646 630 1
e 646 645 1
e 647 661 4
e 647 668 4
e 647 675 4
e 654 653 1
e 655 651 1
e 655 652 1
e 655 654 1
e 656 650 1
e 656 655 1
e 657 648 1
e 657 649 1
e 657 656 1
e 659 647 1
e 659 658 1
e 660 659 1
e 663 661 1
e 663 662 1
e 664 663 1
e 664 679 2
e 664 674 2
e 664 673 2
e 664 665 2
e 664 666 2
e 664 671 2
e 664 667 2
e 664 670 2
e 664 668 2
e 664 669 2
e 664 678 2
e 664 677 2
e 664 675 2
e 664 676 2
e 670 668 1
e 670 669 1
e 671 667 1
e 671 670 1
e 672 671 1
e 673 665 1
e 673 666 1
e 673 672 1
e 674 673 1
e 677 675 1
e 677 676 1
e 678 677 1
e 678 890 0
e 679 674 1
e 679 678 1
e 680 664 1
e 680 679 1
e 684 683 1
e 685 681 1
e 685 682 1
e 685 684 1
e 685 798 2
e 685 693 2
e 685 692 2
e 685 686 2
e 685 691 2
e 685 687 2
e 685 688 2
e 685 689 2
e 685 702 2
e 685 701 2
e 685 694 2
e 685 700 2
e 685 695 2
e 685 698 2
e 685 696 2
e 685 697 2
e 685 725 2
e 685 706 2
e 685 703 2
e 685 705 2
e 685 704 2
e 685 734 2
e 685 733 2
e 685 726 2
e 685 732 2
e 685 727 2
e 685 730 2
e 685 728 2
e 685 729 2
e 685 757 2
e 685 738 2
e 685 735 2
e 685 737 2
e 685 736 2
e 685 778 2
e 685 760 2
e 685 758 2
e 685 759 2
e 685 789 2
e 685 788 2
e 685 779 2
e 685 787 2
e 685 780 2
e 685 783 2
e 685 781 2
e 685 782 2
e 685 784 2
e 685 785 2
e 685 797 2
e 685 796 2
e 685 790 2
e 685 791 2
e 685 792 2
e 685 793 2
e 685 794 2
e 685 886 2
e 685 803 2
e 685 799 2
e 685 800 2
e 685 801 2
e 686 696 4
e 686 710 4
e 686 728 4
e 686 742 4
e 687 686 3
e 688 686 3
e 690 689 1
e 691 687 1
e 691 688 1
e 691 690 1
e 692 686 1
e 692 691 1
e 693 692 1
e 694 703 4
e 694 758 4
e 694 764 4
e 694 784 4
e 694 792 4
e 694 858 4
e 695 694 3
e 698 696 1
e 698 697 1
e 699 698 1
e 700 695 1
e 700 699 1
e 701 694 1
e 701 700 1
e 702 701 1
e 705 704 1
e 706 703 1
e 706 705 1
e 706 724 2
e 706 717 2
e 706 716 2
e 706 707 2
e 706 708 2
e 706 709 2
e 706 712 2
e 706 710 2
e 706 711 2
e 706 713 2
e 706 723 2
e 706 722 2
e 706 718 2
e 706 719 2
e 706 720 2
e 712 710 1
e 712 711 1
e 714 713 1
e 715 714 1
e 716 707 1
e 716 708 1
e 716 715 1
e 717 716 1
e 721 720 1
e 722 718 1
e 722 719 1
e 722 721 1
e 723 722 1
e 724 717 1
e 724 723 1
e 725 706 1
e 725 724 1
e 726 735 4
e 726 759 4
e 726 766 4
e 726 785 4
e 726 793 4
e 727 726 3
e 730 728 1
e 730 729 1
e 731 730 1
e 732 727 1
e 732 731 1
e 733 726 1
e 733 732 1
e 734 733 1
e 737 736 1
e 738 735 1
e 738 737 1
e 738 756 2
e 738 749 2
e 738 748 2
e 738 739 2
e 738 740 2
e 738 741 2
e 738 744 2
e 738 742 2
e 738 743 2
e 738 745 2
e 738 755 2
e 738 754 2
e 738 750 2
e 738 751 2
e 738 752 2
e 744 742 1
e 744 743 1
e 746 745 1
e 747 746 1
e 748 739 1
e 748 740 1
e 748 747 1
e 749 748 1
e 753 752 1
e 754 750 1
e 754 751 1
e 754 753 1
e 755 754 1
e 756 749 1
e 756 755 1
e 757 738 1
e 757 756 1
e 760 758 1
e 760 759 1
e 760 777 2
e 760 770 2
e 760 769 2
e 760 761 2
e 760 762 2
e 760 763 2
e 760 764 2
e 760 765 2
e 760 766 2
e 760 776 2
e 760 775 2
e 760 771 2
e 760 772 2
e 760 773 2
e 767 766 1
e 768 767 1
e 769 761 1
e 769 762 1
e 769 768 1
e 770 769 1
e 774 773 1
e 775 771 1
e 775 772 1
e 775 774 1
e 776 775 1
e 777 770 1
e 777 776 1
e 778 760 1
e 778 777 1
e 779 791 4
e 779 866 4
e 780 779 3
e 783 781 1
e 783 782 1
e 786 783 1
e 786 784 1
e 786 785 1
e 787 780 1
e 787 786 1
e 788 779 1
e 788 787 1
e 789 788 1
e 795 791 1
e 795 792 1
e 795 793 1
e 795 794 1
e 796 790 1
e 796 795 1
e 797 796 1
e 798 693 1
e 798 702 1
e 798 725 1
e 798 734 1
e 798 757 1
e 798 778 1
e 798 789 1
e 798 797 1
e 802 801 1
e 803 799 1
e 803 800 1
e 803 802 1
e 803 885 2
e 803 811 2
e 803 810 2
e 803 804 2
e 803 809 2
e 803 805 2
e 803 806 2
e 803 807 2
e 803 818 2
e 803 817 2
e 803 812 2
e 803 816 2
e 803 813 2
e 803 814 2
e 803 839 2
e 803 822 2
e 803 819 2
e 803 821 2
e 803 820 2
e 803 849 2
e 803 848 2
e 803 840 2
e 803 847 2
e 803 841 2
e 803 844 2
e 803 842 2
e 803 843 2
e 803 845 2
e 803 857 2
e 803 856 2
e 803 850 2
e 803 853 2
e 803 851 2
e 803 852 2
e 803 854 2
e 803 865 2
e 803 864 2
e 803 858 2
e 803 863 2
e 803 861 2
e 803 859 2
e 803 860 2
e 803 862 2
e 803 876 2
e 803 875 2
e 803 866 2
e 803 874 2
e 803 867 2
e 803 870 2
e 803 868 2
e 803 869 2
e 803 871 2
e 803 872 2
e 803 884 2
e 803 883 2
e 803 877 2
e 803 878 2
e 803 879 2
e 803 880 2
e 803 881 2
e 804 814 4
e 804 826 4
e 805 804 3
e 806 804 3
e 808 807 1
e 809 805 1
e 809 806 1
e 809 808 1
e 810 804 1
e 810 809 1
e 811 810 1
e 812 819 4
e 812 845 4
e 812 872 4
e 812 880 4
e 813 812 3
e 815 814 1
e 816 813 1
e 816 815 1
e 817 812 1
e 817 816 1
e 818 817 1
e 821 820 1
e 822 819 1
e 822 821 1
e 822 838 2
e 822 831 2
e 822 830 2
e 822 823 2
e 822 824 2
e 822 825 2
e 822 826 2
e 822 827 2
e 822 837 2
e 822 836 2
e 822 832 2
e 822 833 2
e 822 834 2
e 828 827 1
e 829 828 1
e 830 823 1
e 830 824 1
e 830 829 1
e 831 830 1
e 835 834 1
e 836 832 1
e 836 833 1
e 836 835 1
e 837 836 1
e 838 831 1
e 838 837 1
e 839 822 1
e 839 838 1
e 840 851 4
e 840 859 4
e 841 840 3
e 844 842 1
e 844 843 1
e 846 844 1
e 846 845 1
e 847 841 1
e 847 846 1
e 848 840 1
e 848 847 1
e 849 848 1
e 853 851 1
e 853 852 1
e 855 853 1
e 855 854 1
e 856 850 1
e 856 855 1
e 857 856 1
e 858 871 4
e 858 879 4
e 861 859 1
e 861 860 1
e 862 858 3
e 863 861 1
e 863 862 1
e 864 858 1
e 864 863 1
e 865 864 1
e 866 878 4
e 867 866 3
e 870 868 1
e 870 869 1
e 873 870 1
e 873 871 1
e 873 872 1
e 874 867 1
e 874 873 1
e 875 866 1
e 875 874 1
e 876 875 1
e 882 878 1
e 882 879 1
e 882 880 1
e 882 881 1
e 883 877 1
e 883 882 1
e 884 883 1
e 885 811 1
e 885 818 1
e 885 839 1
e 885 849 1
e 885 857 1
e 885 865 1
e 885 876 1
e 885 884 1
e 886 803 1
e 886 885 1
e 887 685 1
e 887 798 1
e 888 466 1
e 888 471 1
e 888 475 1
e 888 511 1
e 888 515 1
e 888 519 1
e 888 534 1
e 888 544 1
e 888 561 1
e 888 565 1
e 888 579 1
e 888 600 1
e 888 608 1
e 888 615 1
e 888 646 1
e 888 660 1
e 888 680 1
e 888 887 1
e 889 460 1
e 889 462 1
e 889 888 1
e 890 891 0

